---
frames:
  - frame_id: $(var robot_name)/frontleft
    child_frame_id: $(var robot_name)_zed_camera_link
    qw: 0.1466327136334562
    qx: 0.5306191606348685
    qy: 0.2278741493180821
    qz: 0.8031285860509491
    x: -0.1954648213531188
    y: -0.16620729995786948
    z: -0.1918285817574595
  - frame_id: $(var robot_name)/body
    child_frame_id: $(var robot_name)/gps
    qw: 1.0
    qx: 0.0
    qy: 0.0
    qz: 0.0
    x: 0.0
    y: 0.0
    z: 0.0
