frames:
- child_frame_id: $(var robot_name)_zed_camera_link
  frame_id: $(var robot_name)/frontleft
  qw: 0.5860445702207298
  qx: -0.1518423673416495
  qy: -0.7689097936324478
  qz: 0.20560492808050715
  x: -0.1377625424350767
  y: 0.021380403878896944
  z: 0.057657655316766976
