frames:
- child_frame_id: $(var robot_name)_zed_camera_link
  frame_id: $(var robot_name)/frontleft
  qw: 0.1466327136334562
  qx: 0.5306191606348685
  qy: 0.2278741493180821
  qz: 0.8031285860509491
  x: -0.1954648213531188
  y: -0.16620729995786948
  z: -0.1918285817574595
